100000022
100000024
100000050
100000052
100000058
100000078
100100006
100100007
100100028
100100065
100100067
100100082
100100084
100500012
100500025
100500027
100500032
100500033
100500037
100500040
100500041
100500044
100500045
100500049
100500080
100700002
100700010
100700011
100700015
101100030
101100031
101100035
101100041
101100063
101500004
101500006
101500042
101500043
101500045
101600008
101600011
101600018
101600019
101600020
101600022
101600024
101600028
101600060
101600062
101600070
101600075
101600078
101600079
101700016
101700022
101700025
101700037
101700042
101700043
101800008
101900000
101900006
101900015
101900044
101900051
101900056
101900061
101900062
101900068
102100011
103000005
103000025
103000031
103200084
103300012
103300014
103300020
103300022
103300026
103300031
103300034
103300036
103300039
103300040
103300042
103400036
103400049
103400059
103500007
103500043
103700020
103700021
103700029
103700031
103700035
103700041
103700045
103700046
103700049
103900001
103900002
103900005
103900011
103900016
103900024
103900026
103900049
103900058
103900060
103900064
103900068
104600049
104600056
104600061
104600062
104600063
104600064
104600065
104600081
104700020
104700029
104700041
104700043
104700044
104700071
104700072
104800005
104800019
104900014
104900019
104900027
104900030
104900047
104900051
104900067
104900069
105100004
105100015
105100041
105100043
105100046
105100054
105100083
105200025
105200045
105200046
105200050
105300000
105300029
105300044
105300046
105300049
105300057
105300072
105300081
105400065
105400066
105400069
105400071
105400072
105400073
105400077
105400079
105400084
105600008
105900002
105900013
105900043
105900048
105900049
105900051
105900080
106000024
106000038
106000039
106000043
106100063
106100072
106200068
106200079
106200083
106300003
106300012
106300015
106300034
106300035
106300036
106300041
106300049
106300051
106500012
106500065
106600000
106600006
106600008
106600015
106600016
106600024
106600071
106600072
106900003
106900004
106900005
106900007
106900022
106900060
106900084
107900026
107900034
107900040
107900067
108400062
108600045
108600049
108600062
108900052
108900055
109200039
109200042
109200058
109200059
109300007
109300011
109300021
109300023
109300026
109300029
109300032
109300040
109600022
109600039
109600040
109600046
109600066
109600079
109600084
109700036
109700042
109700048
109700060
109700061
109700062
109700063
109700064
109700080
109800000
109800049
109800050
110100044
110100045
110100046
110100047
110200002
110200013
110400018
110400033
110400035
110400047
110500060
110500068
110500071
110500075
110500084
110700010
110700015
110700033
110700035
110700041
110700059
110900007
110900040
110900053
110900068
111000033
111000044
111200013
111200044
111200045
111200046
111200047
111200052
111200058
111200064
111400017
111400025
111500001
111500062
111700083
111900014
111900023
111900024
111900044
111900049
111900072
111900078
111900082
112000003
112000007
112000021
112500008
112500011
112500013
112500014
112500016
112500020
112500021
112500030
112500031
112500034
112500067
112600010
112600011
112600012
112600014
112600015
112600016
112600018
112600019
112600026
112600032
112600081
112800002
112800004
112800005
112800011
112800015
112800028
112800036
112800039
112800050
112800061
112800065
112800075
112800081
112800083
113100015
113300018
113300038
113300062
113300079
113300083
113400030
113400040
113400070
113400072
113400078
113400084
113500017
113500028
113500029
113500030
113700000
113700025
113700029
113700040
114600015
114600018
114700036
114700040
114700041
114700047
114700075
114900029
115100031
115100036
115100048
115100081
115100084
115300004
115500051
115500069
115500073
115600017
115600060
116000013
116100006
116100012
116100017
116100032
116100044
116400002
116400004
116400008
116400011
116400013
116400017
116400064
116400067
116400069
116400082
116900003
116900006
116900017
116900040
116900063
117900008
117900028
117900035
117900052
117900065
117900066
117900070
117900074
118300012
118300021
118300035
118300054
118300073
118500002
118500022
118500026
118600014
118600030
118600057
118600073
118600082
118800001
118800020
118800022
118800034
118800037
118800065
118800081
118900039
118900046
119100000
119100022
119100030
119100037
119100042
119100044
119300076
119400014
119400048
119400054
119400056
119400057
119400059
119400075
119400076
119400082
119700031
120000029
120000033
120000035
120000054
120000061
120000062
120000063
120000065
120000070
120000073
120200032
120200043
120200055
120200058
120300058
121200002
121400002
121400014
121400027
121400029
121400064
121400073
121400080
121400082
121800073
121800084
122300066
122400008
122400012
122400059
122400062
122500015
122500037
122500046
122500048
122500055
122500056
122500058
122500064
122600050
122700039
122700057
122700076
122700081
122900057
122900059
122900062
122900063
122900070
122900071
122900072
122900074
122900078
122900084
123300003
123300004
123300053
123300071
123700014
123700017
123700046
123700048
123700050
123800003
123800046
124000019
124000022
124000027
124000029
124000030
124000036
124000041
124000071
124200007
124200013
124200015
124200022
124200077
124200080
124200082
124200083
124400002
124400004
124400025
124400065
124400083
124500040
124500041
124500045
124500053
124500056
124600008
124600041
124700007
124700020
124700027
124700028
124700064
124800007
124800008
124800009
124800010
124800011
124800013
124800015
124800016
124800022
124800025
124800026
124800027
124800031
124800037
124800045
124800046
124800048
124800052
124800059
124800075
125100013
125100016
125100019
125100025
125100026
125100029
125100048
125100055
125100057
125100063
125100064
125100076
125200019
125200028
125200038
125200039
125400017
125400019
125400028
125400065
125400066
125400067
125400068
125400070
125400075
125400078
125400081
125400082
125600028
125600044
125600050
125600068
125600081
125700026
125700028
125700077
125800004
125800007
125800014
125800072
125800077
126600042
126600050
126800030
126800045
126800046
126800048
126800064
126800070
126800071
126800072
126800078
126800082
127000022
127000045
127000050
127000067
127200005
127200025
127200032
127200078
127300001
127300005
127300049
127300055
127300060
127300062
127300066
127400003
127400005
127400007
127600007
127600025
127600055
127600082
127600083
127600084
127900073
127900077
128200005
128200026
128200028
128200032
128200039
128200043
128200049
128300020
128300021
128300028
128300050
128300062
128500034
128500036
128500042
128500059
128500060
128700046
128700063
128700066
129100001
129100042
129100073
129100077
129300002
129300006
129300018
129300033
129300052
129300078
129400010
129400019
129400024
129400039
129400081
129500021
129500024
129500064
129500065
129700067
129700071
129700083
129800035
129800048
129800052
129800053
129800059
129900004
129900043
130200003
130200004
130200007
130300017
130300019
130300020
130300026
130300057
130300065
130300068
130400037
130400039
130400047
130400063
130400079
130500026
130500029
130500030
130500034
130500042
130500043
130500047
130500057
130500080
130800009
130800012
130800017
130800020
130800027
130800030
130800059
131000041
131000060
131000062
131000070
131000071
131000072
131000073
131000079
131100072
131600004
131600006
131600010
131600026
131600038
131600043
131600050
131600054
131600057
131600064
131900000
131900031
131900041
131900050
131900052
131900053
132200067
132200072
132200076
132300001
132300003
132300004
132300005
132300006
132300011
132300013
132300015
132300017
132300018
132300019
132300021
132300024
132300025
132300027
132300028
132500005
132500008
132500048
132500071
132500082
133200001
133200002
133200022
133200028
133200032
133200039
133200042
133200075
133200077
133600049
133600060
133600076
133600078
133600079
133600083
133600084
133700006
133700018
133700020
133700026
133700029
134000023
134000026
134100003
134200000
134200004
134200016
134400002
134600017
134600019
134600021
134600024
134600030
134600034
134600053
134600057
134600065
134600071
134600075
134700031
134700033
134700048
134700076
134700081
134900060
134900081
134900083
134900084
135300076
135300083
135400060
135400066
135400073
135500023
135500025
135500026
135500031
135500066
135700002
135700017
135700022
135700033
135700034
135700037
135700039
135700042
135700066
135900067
135900069
135900071
136200007
136200010
136200016
136200018
136200023
136200080
136500026
136500038
136700046
137000060
137000067
137000080
137000083
137100044
137100055
137100081
137400016
137400025
137400029
137400082
137600051
137600053
137900028
137900038
137900074
138000001
138000002
138000076
138000078
138000084
138200017
138200019
138200023
138200025
138200028
138200034
138400027
138400060
138400069
138400072
138400075
138500001
138500006
138500048
138700011
138700027
138700038
138700047
138700066
138700067
138700068
138700070
138700077
138700079
138900007
138900023
138900047
138900055
138900067
139100000
139100004
139100008
139100027
139100030
139100033
139100038
139100048
139100081
139200003
139200005
139200041
139200068
139200073
139200077
139200082
140200022
140200027
140300063
140500015
140500025
140500026
140500040
140500044
140500059
140500061
140500064
140700060
140800039
140900002
140900005
140900059
140900084
141100010
141100013
141100017
141100041
141100053
141100058
141200031
141200060
141400005
141400023
141400027
141500014
141500015
141500016
141500017
141500029
141500030
141500031
142000002
142000006
142100048
142200033
142200074
142200082
142800002
142800008
142800016
142800023
142800028
142800044
142800060
142800061
142800063
142800065
142800066
142800070
143400019
143400022
143400027
143400042
143400044
143400054
143400057
143400064
143400069
143400079
143400081
143600012
143600032
143600040
143600041
143600043
143600045
143600048
143600049
143600054
143600055
143600058
143600076
143600079
143600084
143900011
143900040
143900042
143900043
143900045
143900056
143900080
143900082
144000035
144000047
144000050
144000075
144100006
144100008
144100035
144100064
144100078
144100079
144100081
144200003
144200054
144500004
144500005
144500011
144500015
144500055
144500060
144500062
144900046
144900056
145000015
145000024
145000033
145000035
145000040
145000051
145000066
145000067
145000075
145000079
145100000
145100002
145100004
145100005
145100010
145100016
145100017
145100019
145100041
145100049
145100051
145100062
145100064
145100069
145200003
145200008
145200016
145200028
145200048
145200057
145200067
145200082
145300021
145300033
145300041
146300000
146300045
146300050
146300065
146300068
146300070
147200053
147200055
147200056
147200057
147200061
147200067
147200072
147200078
147300005
147300010
147600007
147900011
147900077
148300000
148300017
148300023
148300024
148300026
148300029
148300030
148300068
148400016
148400018
148400019
148400064
148400074
148500036
148600053
148800006
148800007
148800012
148800025
148800033
148800040
148800045
148800054
148800071
148800072
148800073
148800079
148800084
148900029
148900034
148900046
148900056
149000004
149000008
149000027
149000028
149000052
149000054
149000077
149200008
149400003
149400007
149400012
149400047
149500001
149500019
149500029
149500065
149500073
149600063
149600064
149600075
149700002
149700015
149700016
149700019
149700027
149800035
149800037
149800050
149900006
149900083
150000011
150000026
150000068
150100050
150200071
150400002
150400007
150400010
150400013
150400018
150400019
150400021
150400023
150400038
150400044
150400077
150600006
150600024
150600056
150700014
150700019
150700020
150700032
150700037
150700040
150800027
150800054
150800060
150800062
150800063
150800064
150800067
150800079
150900008
150900013
150900018
150900019
150900026
150900028
150900038
150900059
151000042
151000051
151000057
151000067
151100002
151100003
151100005
151100006
151100007
151100013
151100019
151100020
151900020
151900022
151900055
151900063
151900082
152000001
152000002
152000010
152000052
152100004
152100037
152100039
152100056
152300040
152300044
152300052
152300059
152300063
152300067
152300083
152400015
152400023
152400066
152400068
152400070
152400076
152400077
152400078
152400083
152600048
152700004
152700012
152700023
152700026
152700063
152800054
152800055
152900004
152900066
152900069
152900074
152900075
152900079
152900083
152900084
153000018
153000028
153000030
153000034
153000039
153000047
153000074
153000084
153100015
153100036
153100050
153100051
153200000
153200014
153200017
153200023
153200027
153200029
153200033
153200039
153200080
153300001
153300004
153300073
153300079
153300080
153300081
153500013
153500037
153500041
153500047
153500084
153600005
153600011
153600015
153600019
153600031
153600044
153600051
153600055
153600067
153600071
153700010
153700026
153700067
153800004
153800006
153800009
153800013
153800037
153800045
153800054
153800064
154000005
154000007
154000009
154000013
154000021
154500055
154500066
154500069
154700018
154700024
154700028
154700029
154700031
154700032
154700033
154700071
155000015
155000016
155000025
155000037
155000038
155000048
155000058
155000067
155000073
155100011
155100022
155100042
155100044
155100056
155100057
155200053
155200055
155400023
155400030
155400033
156300011
156300012
156300039
156300047
156300049
156300051
156300055
156300056
156300059
156300062
156300077
156300079
156300084
156400053
156400055
156400056
156400064
156500003
156500009
156500015
156500017
156600066
156700002
156700011
156700046
157200023
157200031
157200065
157200078
157400006
157400011
157500019
157500023
157500039
157500041
157500043
157500054
157500068
157500073
157500075
157600023
157600031
157600033
157600038
157600040
157700016
157700018
157900001
158000031
158000037
158000066
158000070
158000076
158000080
158000084
158100053
158100055
158100071
158300037
158300058
158300060
158300063
158300070
158500063
158500067
158600006
158600020
158600037
158600044
158600055
158600060
158600062
158600063
158700048
158700069
158900001
158900030
158900073
159000042
159000044
160000056
160200001
160200028
160200031
160200036
160200048
160200073
160300024
160300029
160300053
160300071
160400014
160400016
160400019
160400020
160400022
160400027
160400031
160600025
160600026
160600029
160600030
160600070
160800018
160800023
160800045
160800076
160800084
161200019
161300006
161300008
161300019
161300027
161300038
161500008
161500039
161500041
161500043
161500050
161500053
161500061
161500075
161500078
161600062
161700023
161700045
161700064
161700076
161700079
161800005
161800022
161800031
161800033
161800041
161800059
161800075
161900000
161900007
161900017
161900037
161900041
161900045
161900047
161900049
161900058
161900060
161900076
162100000
162100015
162100022
162100048
162100078
162100081
162300071
162300073
162300074
162300077
162300078
162300081
162300083
162300084
162500002
162500007
162500008
162600020
162600021
162600022
162600023
162600024
162600034
162600037
162600038
162600053
162600056
162700004
162700076
162800073
162800078
162800083
162900001
162900020
162900023
162900029
162900030
162900031
162900032
162900034
162900055
162900058
162900069
162900076
163000057
163000061
163000062
163000067
163000069
163000073
163000083
163000084
163100040
163100047
163200020
163300007
163300032
163300040
163300042
163300045
163300050
163300053
163300054
163300082
163700030
163700032
163700033
163700034
163700035
163700038
163700042
163700045
163700046
163700048
163700050
163700051
163700052
163700053
163700055
163700056
163700058
163700059
163800026
163800042
163800056
163800074
163900049
163900061
163900071
163900072
163900075
164000000
164000001
164000003
164000009
164000010
164000013
164000014
164000015
164000037
164000038
164000039
164000044
164000049
164000052
164000058
164000060
164000068
164000069
164000070
164000077
164000082
164300008
164300079
164300082
164300084
164500027
164500035
164500041
164500068
164500077
164500083
164600012
164600019
164600030
164600050
164600057
164600061
164600071
164600073
165200076
165200078
165300032
165300036
165300047
165300048
165300055
165300057
165300072
165400011
165400014
165400033
165400054
165400070
165400074
165400081
165500004
165500006
165500010
165500044
165500045
165500051
165500052
165500053
165500054
165500055
165500058
165500060
165500064
165600001
165600017
165600039
165600053
165600060
165600063
165600071
165600078
165600079
165600084
165700002
165700020
165700023
165700026
165700027
165700032
165700047
165700067
165700071
165700072
165700077
165800011
165800017
165900029
165900044
165900071
165900082
166100027
166100043
166100044
166100076
166300034
166300040
166300044
166300049
166300054
166300075
166300080
166300083
166300084
166400053
166400059
166400060
166400062
166400065
166400068
166400070
166400071
166400072
166400073
166400078
166400080
166600006
166600009
166600011
166600015
166600021
166600052
166600071
166600078
166600082
166700001
166700033
166700035
166700039
166700043
166700044
166700045
166700046
166700050
166700051
166700052
166700071
166700072
166700075
166800057
166900023
166900040
167000037
167000039
167000043
167000057
167000060
167000068
167100009
167100019
167100029
167100033
167100053
167100073
167100079
167200000
167200013
167200041
167200042
167200043
167200044
167200073
167200081
167300014
167300027
167300029
167300048
167300055
167300074
167300078
167600003
167600013
167600014
167600020
167600048
167600050
167600054
167600062
167600064
167600065
167600066
167600070
167700032
167700033
167700035
167700060
167700079
167800001
167900051
167900060
167900062
168000045
168000049
168000053
168000058
168100015
168100030
168200027
168200031
168200047
168200066
168200068
168200071
168200072
168200078
168200079
168200082
168300023
168300026
168300029
168300039
168300063
168400018
168400027
168400029
168900082
169300001
169300006
169300021
169300054
169400077
169600065
169600067
169800003
169800006
169800007
169800008
169800011
169800013
169800019
169800021
169800024
169800025
169800026
169800036
169800046
169800050
169800063
170400020
170400039
170400046
170400050
170400074
170700030
170800000
170800004
170800006
170800040
170800074
170800081
170900000
170900002
170900005
170900014
170900036
170900038
170900045
170900048
170900050
170900060
171000004
171000015
171000016
171000018
171000023
171000056
171000067
171000071
171000084
171100019
171100042
171100045
171100047
171100048
171100056
171100059
171100084
171200000
171200001
171200005
171200006
171200007
171200008
171200009
171200011
171200012
171200013
171200014
171200015
171200016
171200017
171200018
171200038
171200040
171200041
171200042
171200044
171300020
171300021
171300022
171300023
171300027
171500017
171500034
171500046
171500058
171500059
171600009
171600012
171600015
171600016
171600056
171700016
171700020
171900001
171900007
171900008
171900016
171900018
171900027
171900028
171900035
171900037
171900039
171900040
171900042
171900043
171900044
171900045
171900046
171900078
171900081
172100005
172100014
172100021
172100023
172100041
172200010
172200017
172200033
172300023
172300028
172300038
172300054
172300058
172300061
172300065
172300068
172300073
172300074
172400001
172400016
172400057
172400078
175200014
175200036
175200040
175200050
175200051
175200053
175200054
175200061
175200065
175200066
175200069
175200073
175300031
175300038
175300057
175300073
175400014
175400017
175400056
175400057
175400066
175400069
175400070
175400072
175500012
175500014
175500019
175500044
175500045
175500053
175500059
175500061
175500063
175500064
175500065
175500067
175500068
175500069
175500070
175600015
175600030
175600042
175900010
175900022
175900029
175900031
175900034
175900036
175900039
175900046
175900050
175900076
175900077
175900081
176000024
176000038
176000041
176000043
99100013
99100024
99100026
99100027
99300057
99300060
99300063
99900016
99900041
99900044
99900045
99900047
99900059
99900064
